[ 3571234,
  7731785,
  8084126,
  639805,
  8182973,
  1379338,
  1911030,
  3720485,
  6333637,
  9421929,
  7539351,
  320285,
  2224172,
  1899473,
  5501662,
  7592333,
  473745,
  9175530,
  4415704,
  5570033,
  8127110,
  2238228,
  52404,
  3170647,
  6098318,
  7270484,
  2478125,
  3674675,
  2170842,
  8848403,
  491050,
  4853365,
  4072910,
  2128934,
  3884460,
  6221133,
  6117957,
  4150473,
  1380981,
  298998,
  8032453,
  5466089,
  5788469,
  1710446,
  7944765,
  2164924,
  5731143,
  4121624,
  5722300,
  651896,
  1148013,
  64624,
  5576348,
  7321190,
  2873417,
  5647883,
  2169940,
  2136234,
  3485922,
  2212887,
  2361511,
  4573998,
  4413992,
  3436443,
  6021880,
  2392401,
  1425173,
  1512526,
  8836304,
  9004841,
  6396771,
  7169265,
  8867762,
  4573945,
  8565710,
  8025464,
  5718480,
  3727309,
  1004954,
  5508840,
  2655701,
  8634994,
  8189758,
  4992547,
  250092,
  6708030,
  9519440,
  5418030,
  6904798,
  5416167,
  2907003,
  5086743,
  497018,
  510818,
  6014537,
  4096621,
  3187042,
  3092204,
  3264783,
  3350879,
  ... 99900 more items ]
